4 0.78203125 0.63671875 0.0953125 0.215625
4 0.6859375 0.55625 0.103125 0.2015625
4 0.56875 0.515625 0.0890625 0.1828125
4 0.24453125 0.58671875 0.1515625 0.2296875
4 0.39296875 0.525 0.1421875 0.2140625
3 0.90859375 0.59140625 0.14375 0.59375
3 0.7859375 0.67734375 0.0890625 0.425
3 0.68046875 0.62734375 0.1140625 0.521875
3 0.54921875 0.60546875 0.125 0.5859375
3 0.3671875 0.6296875 0.159375 0.546875
3 0.08359375 0.6125 0.1578125 0.628125
3 0.23671875 0.65703125 0.1203125 0.5296875
0 0.08125 0.9203125 0.0796875 0.071875
0 0.1359375 0.9046875 0.0640625 0.071875
0 0.22578125 0.90546875 0.075 0.078125
0 0.27890625 0.8796875 0.075 0.08125
0 0.37890625 0.88828125 0.0765625 0.078125
0 0.41796875 0.8765625 0.0671875 0.0828125
0 0.52265625 0.86796875 0.075 0.0890625
0 0.57734375 0.86328125 0.0546875 0.0796875
0 0.65703125 0.85546875 0.0546875 0.0765625
0 0.7046875 0.85859375 0.0546875 0.075
0 0.77265625 0.84296875 0.0546875 0.078125
0 0.8 0.85390625 0.0453125 0.065625
0 0.92578125 0.8671875 0.0921875 0.0875
0 0.86015625 0.8578125 0.0734375 0.0796875